lastAccountName: 30Spence
timestamps:
  login: 1579140254402
  logout: 1579140250591
  kits:
    blacksmith: 1579139589590
    alchemist: 1579136132297
    test: 1576036610086
    tailor: 1579136138647
    baker: 1579136135472
    lw: 1577918024945
    lumberjack: 1579136141526
  lastteleport: 1579139688790
ipAddress: 192.168.0.11
logoutlocation:
  world: world
  x: -671.3037095543875
  y: 175.0
  z: -713.5113951275747
  yaw: -61.475983
  pitch: 16.019796
afk: true
lastlocation:
  world: world
  x: -541.5
  y: 138.0625002
  z: -454.5
  yaw: -34.093662
  pitch: 20.943258
