lastAccountName: 30Spence
timestamps:
  login: 1589339358356
  logout: 1589339351959
  kits:
    alchemist: 1586822636702
    test: 1576036610086
    color: 1588818529863
    tailor: 1588478993986
    baker: 1588900093205
    lw: 1588298330074
    dtools: 1588400918367
    gnun: 1588899309978
    eye: 1587610907300
    blacksmith: 1588901115584
    skeleton: 1586823188106
    waterhero: 1588404588023
    zombie: 1586823102326
    builder: 1588900063381
    dwarf: 1588481324032
    lumberjack: 1588397125579
    creeper: 1586225227524
  lastteleport: 1589336055954
ipAddress: 192.168.0.11
logoutlocation:
  world: world
  x: 293.47389047451907
  y: 70.0
  z: 344.30000001192093
  yaw: -112.47164
  pitch: 33.89132
afk: false
lastlocation:
  world: world
  x: -729.3285924577272
  y: 76.30351808796108
  z: -799.1535768405762
  yaw: 188.56425
  pitch: 18.159422
confirm-clear: false
