lastAccountName: 77Mitchell77
timestamps:
  login: 1576635305993
  logout: 1576635325615
ipAddress: 192.168.0.11
lastlocation:
  world: world
  x: -8388.505400898934
  y: 69.0
  z: -4572.643451092072
  yaw: -2.1430295
  pitch: 2.094325
logoutlocation:
  world: world
  x: 243.5
  y: 74.0
  z: 198.5
  yaw: -2.5060723
  pitch: 0.389643
