lastAccountName: 77Mitchell77
timestamps:
  login: 1580015026776
  logout: 1580015053605
  lastteleport: 1580015032664
ipAddress: 192.168.0.11
lastlocation:
  world: world
  x: -746.0403531822408
  y: 172.0
  z: -765.2382219998876
  yaw: 158.07405
  pitch: 12.26572
logoutlocation:
  world: world
  x: -713.5034948460078
  y: 90.86045477989016
  z: -595.5199402074854
  yaw: -0.7305786
  pitch: 0.48705256
