lastAccountName: Sachepian
timestamps:
  login: 1578707581159
  logout: 1578707942334
  lastteleport: 1577217934174
  kits:
    blacksmith: 1577217934327
    alchemist: 1576873283522
    tailor: 1576873295220
    baker: 1576873261428
ipAddress: 24.64.162.168
lastlocation:
  world: world
  x: -574.0487226474065
  y: 99.02442408821369
  z: -488.1776847796906
  yaw: 283.49368
  pitch: 19.049881
logoutlocation:
  world: world
  x: -580.2957479865362
  y: 138.3681358164849
  z: -493.1156292347499
  yaw: -48.14255
  pitch: 53.999146
