lastAccountName: Sir_GordonRamsay
timestamps:
  login: 1587352442005
  logout: 1587352772679
ipAddress: 162.193.55.80
logoutlocation:
  world: world
  x: 1135.4553023257483
  y: 71.0
  z: 7360.972350241851
  yaw: 34.75708
  pitch: 12.899883
