lastAccountName: King_Pig_13
timestamps:
  login: 1579237180147
  logout: 1579238097193
ipAddress: 192.168.0.32
lastlocation:
  world: world
  x: -713.9814872696195
  y: 86.0
  z: -577.5234471538564
  yaw: 5.003888
  pitch: 23.932014
logoutlocation:
  world: world
  x: -729.4728937574025
  y: 115.0
  z: -596.3000000119209
  yaw: -6.7007284
  pitch: 37.986057
