lastAccountName: TheStuffOfLifeYT
timestamps:
  login: 1589065156072
  logout: 1589065249429
  lastteleport: 1587177298580
ipAddress: 100.2.53.131
logoutlocation:
  world: world_the_end
  x: -8.73094137886922
  y: 70.0
  z: 5.462474890608839
  yaw: 152.8196
  pitch: 76.28176
lastlocation:
  world: world_the_end
  x: -8.484313415624353
  y: -9.930048578354405
  z: -37.1542419163928
  yaw: 2.644185
  pitch: -42.999813
