lastAccountName: COwOwnavirus
timestamps:
  login: 1589339359342
  logout: 1589340555159
ipAddress: 51.7.212.51
logoutlocation:
  world: world
  x: 409.37371782358974
  y: 83.0
  z: 363.2923409162644
  yaw: 66.519516
  pitch: 41.4312
lastlocation:
  world: world
  x: 2495.662554257131
  y: 64.0
  z: 9473.250810753336
  yaw: -156.45474
  pitch: 35.318287
