lastAccountName: Prokyth
timestamps:
  login: 1589065150408
  logout: 1589065474778
ipAddress: 125.236.150.56
logoutlocation:
  world: world_the_end
  x: 10.71008571842767
  y: 65.0
  z: 13.593320229751653
  yaw: 31.994354
  pitch: 4.974056
