lastAccountName: tfmmage2
timestamps:
  login: 1585013765055
  lastteleport: 1585007697627
  logout: 1585014379977
ipAddress: 184.64.45.70
lastlocation:
  world: world_the_end
  x: 100.66499410812744
  y: 49.0
  z: -0.5533347654166254
  yaw: 279.7936
  pitch: 16.852026
logoutlocation:
  world: world_the_end
  x: 0.4803650041118389
  y: 70.0
  z: 0.685314272049567
  yaw: 276.20575
  pitch: 29.100239
