lastAccountName: Eroil
timestamps:
  login: 1588548609612
  logout: 1588548458777
  lastteleport: 1587410297649
ipAddress: 176.230.200.157
logoutlocation:
  world: world
  x: -191.70969192800084
  y: 83.0
  z: -104.38090593464644
  yaw: 90.650635
  pitch: 15.482464
lastlocation:
  world: world
  x: 2441.699999988079
  y: 43.20000004768371
  z: 9427.368575808157
  yaw: -88.1552
  pitch: -71.02692
