lastAccountName: bouncinbootybeth
timestamps:
  login: 1582861391702
  lastteleport: 1582861702259
  logout: 1582862994592
ipAddress: 24.64.162.116
lastlocation:
  world: world
  x: -734.0423025480354
  y: 74.0
  z: -841.3144874940076
  yaw: -198.38664
  pitch: 31.47822
logoutlocation:
  world: world
  x: -628.4355629304109
  y: 63.0
  z: -820.410080726248
  yaw: 108.59391
  pitch: 18.600222
