lastAccountName: FurretWalc
timestamps:
  login: 1580011691659
  lastteleport: 1577927658402
  kits:
    blacksmith: 1577927659487
    tailor: 1577927638539
  logout: 1580012185827
ipAddress: 108.223.63.109
lastlocation:
  world: world
  x: -665.6184628911344
  y: 170.0
  z: -709.2288390895005
  yaw: 101.15948
  pitch: 32.636894
logoutlocation:
  world: world
  x: -612.9906130929883
  y: 61.8760529638629
  z: -855.0675845084842
  yaw: 86.31552
  pitch: -56.099983
