lastAccountName: Zephyr_Frost
timestamps:
  login: 1589339940158
  logout: 1589073003882
  lastteleport: 1589073129167
ipAddress: 67.180.133.3
logoutlocation:
  world: world
  x: 1016.6999999880791
  y: 63.0
  z: 802.512684329995
  yaw: -87.092285
  pitch: 89.925606
lastlocation:
  world: world
  x: 1016.6369319138424
  y: 64.0
  z: 802.2487872456152
  yaw: -98.71576
  pitch: -7.155721
