lastAccountName: HomeworkChild
timestamps:
  login: 1587171165505
  logout: 1587172791662
ipAddress: 98.223.33.111
logoutlocation:
  world: world
  x: 1107.8803540080648
  y: 70.875
  z: 7345.727482285681
  yaw: 201.48419
  pitch: 12.078695
