lastAccountName: YeetYoshi
timestamps:
  login: 1589065147216
  logout: 1589065322129
ipAddress: 67.160.194.250
logoutlocation:
  world: world_the_end
  x: -2.16847729982623
  y: 69.0
  z: 7.4696998663212595
  yaw: 100.00952
  pitch: 27.021952
