lastAccountName: DodoBaggins
timestamps:
  login: 1588548532280
  logout: 1588548457019
ipAddress: 82.7.238.175
logoutlocation:
  world: world_the_end
  x: 0.7680217623255382
  y: 65.0
  z: -9.542421246499343
  yaw: 1.4541892
  pitch: 10.374226
lastlocation:
  world: world
  x: 187.9041940949747
  y: 95.89876704587626
  z: 4861.797727740839
  yaw: -257.18756
  pitch: 28.199976
