lastAccountName: laplaT
timestamps:
  login: 1588647346182
  logout: 1588647371171
ipAddress: 35.136.154.131
logoutlocation:
  world: world
  x: -232.56045141488116
  y: 110.0
  z: -173.38022091242732
  yaw: -280.279
  pitch: 14.4145
