lastAccountName: ButterNinja15
timestamps:
  login: 1588647780190
  logout: 1588652876774
ipAddress: 67.68.19.242
lastlocation:
  world: world_the_end
  x: 0.3092688215572732
  y: 66.0
  z: -2.656512404137297
  yaw: 48.687603
  pitch: 10.2085
logoutlocation:
  world: world
  x: -253.29852545538935
  y: 82.5
  z: -104.38420023093335
  yaw: -271.4684
  pitch: 27.574535
socialspy: false
