lastAccountName: rileyvibes
timestamps:
  login: 1587353948558
  logout: 1587355169343
ipAddress: 75.173.107.110
logoutlocation:
  world: world_the_end
  x: 4.4121961975138895
  y: 65.0
  z: 15.522662173233545
  yaw: 51.66379
  pitch: 48.597435
