lastAccountName: SHSLTrapdoor
timestamps:
  login: 1578191899545
  logout: 1578193572818
ipAddress: 75.191.212.100
afk: false
logoutlocation:
  world: world
  x: -978.2608189440685
  y: 185.10314541665394
  z: -454.62912269830855
  yaw: 87.71106
  pitch: 30.299955
