lastAccountName: PointlessUpdates
timestamps:
  login: 1581715916909
  logout: 1581720015670
ipAddress: 24.163.122.133
afk: false
logoutlocation:
  world: world
  x: -1209.68114452847
  y: 122.0
  z: -437.76171548022364
  yaw: -82.801094
  pitch: -3.6000538
lastlocation:
  world: world
  x: -1210.0908908963972
  y: 122.0
  z: -439.0760616457608
  yaw: -7.254944
  pitch: 25.049837
