lastAccountName: Hippolytus_
timestamps:
  login: 1587180082864
  logout: 1587180357424
ipAddress: 70.176.170.26
logoutlocation:
  world: world_the_end
  x: -1.4559447635325873
  y: 65.0
  z: 5.055985808536414
  yaw: -261.69678
  pitch: 28.396612
