lastAccountName: TheLeafeonKid
timestamps:
  login: 1589339250625
  logout: 1589338274509
  lastteleport: 1589073126365
ipAddress: 173.52.53.14
logoutlocation:
  world: world_the_end
  x: -3.5449350589161375
  y: 65.0
  z: -3.3456975901704844
  yaw: 348.43213
  pitch: -29.66846
lastlocation:
  world: world
  x: 1073.8848722962157
  y: 102.99517341538832
  z: 865.7720892313882
  yaw: -179.55054
  pitch: 12.581032
