lastAccountName: Nero_Dracix
timestamps:
  login: 1587864771040
  logout: 1587864644553
ipAddress: 69.254.26.25
logoutlocation:
  world: world
  x: 1092.920989267097
  y: 70.0
  z: 7334.408811871251
  yaw: 278.7998
  pitch: 7.199955
