lastAccountName: The_Tridens
timestamps:
  login: 1587347249116
  logout: 1587349323251
ipAddress: 75.136.28.155
logoutlocation:
  world: world
  x: 1838.5469373044461
  y: 63.7531999805212
  z: 5604.831854588807
  yaw: 134.43652
  pitch: 14.154161
