lastAccountName: Vampsy
timestamps:
  login: 1588476242454
  logout: 1588476748163
ipAddress: 104.172.5.27
logoutlocation:
  world: world_the_end
  x: 0.7680217623255382
  y: 65.0
  z: -9.542421246499343
  yaw: 1.4541892
  pitch: 10.374226
lastlocation:
  world: world
  x: 1200.87946755303
  y: 86.15093404205483
  z: 7354.807243122742
  yaw: -159.96378
  pitch: 35.424835
