lastAccountName: 77Mitchell77
timestamps:
  login: 1574733591782
  logout: 1574734462447
ipAddress: 192.168.0.24
lastlocation:
  world: world
  x: -8388.505400898934
  y: 69.0
  z: -4572.643451092072
  yaw: -2.1430295
  pitch: 2.094325
logoutlocation:
  world: world
  x: -8532.984222434452
  y: 84.0625
  z: -4568.190701601644
  yaw: 34.87626
  pitch: 31.2114
