lastAccountName: Sachepian
timestamps:
  login: 1574738196134
  logout: 1574738195654
  lastteleport: 1574737890837
ipAddress: 24.64.162.168
nickname: l33tertes
lastlocation:
  world: world
  x: -8382.42600174317
  y: 68.0
  z: -4552.806900939348
  yaw: 19.050001
  pitch: 15.449985
logoutlocation:
  world: world
  x: -8542.121310680901
  y: 84.0625
  z: -4561.977092932517
  yaw: 211.22278
  pitch: 15.299987
