lastAccountName: TearsFromWinter
timestamps:
  login: 1574731417893
  logout: 1574738157480
ipAddress: 70.77.196.58
lastlocation:
  world: world
  x: -8511.613335624279
  y: 77.37933557223003
  z: -4522.406211541951
  yaw: 108.01918
  pitch: 62.131687
logoutlocation:
  world: world
  x: -8397.300000011921
  y: 72.0
  z: -4555.300000011921
  yaw: 293.27026
  pitch: 26.39986
