world: world
x: -657.0948109048397
y: 169.0
z: -699.5723357676673
yaw: -88.99302
pitch: 27.026175
name: dwarf
lastowner: 0dbc4f12-8130-42e1-86d4-329e93c9fc21
