world: world
x: 417.01554356929046
y: 79.75
z: -819.0216361659237
yaw: -41.465137
pitch: 85.372925
name: dwarf
lastowner: 0dbc4f12-8130-42e1-86d4-329e93c9fc21
