world: world
x: -723.4046110969111
y: 174.75
z: -776.4920612249318
yaw: 87.354126
pitch: -5.1216745
name: dwarf
lastowner: 0dbc4f12-8130-42e1-86d4-329e93c9fc21
