world: world
x: -682.5177599663181
y: 171.0
z: -722.1118672343212
yaw: -16.032299
pitch: 15.531655
name: mob
lastowner: 0dbc4f12-8130-42e1-86d4-329e93c9fc21
