world: world
x: -745.8034811748089
y: 172.0
z: -775.4792493677332
yaw: 268.8816
pitch: -2.102053
name: mob
lastowner: 0dbc4f12-8130-42e1-86d4-329e93c9fc21
