world: world
x: -681.7944777319343
y: 171.0
z: -722.4796336536541
yaw: -16.66547
pitch: 14.606258
name: monster
lastowner: 0dbc4f12-8130-42e1-86d4-329e93c9fc21
